data/processed/B1_potentially_observable_sources.tbl
# %ECSV 1.0
# ---
# datatype:
# - {name: Target, datatype: string}
# - {name: Distance (pc), datatype: float64}
# - {name: Distance error (pc), datatype: float64}
# - {name: RA (deg), datatype: float64}
# - {name: DEC (deg), datatype: float64}
# - {name: Flux B1 (uJy), datatype: float64}
# - {name: upFlux B1 (uJy), datatype: float64}
# - {name: udFlux B1 (uJy), datatype: float64}
# - {name: Radius (au), datatype: float64}
# - {name: Width (au), datatype: float64}
# - {name: inc (deg), datatype: float64}
# - {name: pa (deg), datatype: float64}
# schema: astropy-2.0
Target "Distance (pc)" "Distance error (pc)" "RA (deg)" "DEC (deg)" "Flux B1 (uJy)" "upFlux B1 (uJy)" "udFlux B1 (uJy)" "Radius (au)" "Width (au)" "inc (deg)" "pa (deg)"
GJ3760 24.691358024691358 3.709665150597292 196.37449416791668 37.13627970861111 17.597973538580543 6.266810341396097 2.311034977296168 59.5 34.3 55.8 70.5
HD197481 9.909820272610785 0.10520164900320772 311.28971873921626 -31.34089941384472 60.637083104447484 17.76840163039216 12.635980819473646 34.9 12.4 128.54 88.4
TYC93404371 36.536352551606605 0.35040427193121815 340.70389177422 -71.70588885193 25.629615871776323 17.34792061825415 8.119167381259881 130.0 100.0 130.0 40.0
HD22049 3.2028791506427408 0.00480079948785983 53.23268537982792 -9.458260970518056 120.93072231023066 58.4144567298433 28.209769449083268 68.3 12.0 178.0 30.0
HD53143 18.32508714664418 0.11489088103703082 104.99856271477168 -61.33618128654611 11.613883407839035 6.547015442314373 2.3639511463460634 88.4 23.0 157.5 56.1
HD61005 36.73769379962426 0.35429559053636694 113.94775981519 -32.20390141288 20.903217091408607 5.472206124803477 4.297567959191065 72.6 38.0 70.33 85.7
HD48370 35.727045665497386 0.3740388584886247 100.75426681825 -2.8886992880200006 72.5115988007888 29.7469658448528 19.294483009610243 88.3 37.1 71.1 69.3
HD115617 8.505347086776512 0.0172447845752135 199.60130827686294 -18.311193819050562 20.182542472289796 7.456112992406949 3.9246497893445227 47.0 36.0 58.0 80.0
HD38858 15.254739319255862 0.014465574690195382 87.14558439635 -4.09464494104 17.84928656127515 13.564028082117298 4.747793015622097 110.0 80.0 60.0 40.0
HD107146 27.469659033108744 0.017365462726374403 184.77709118346 16.548296591979998 72.370503516526 11.372637004528647 9.348955294772281 107.2 110.0 149.0 22.2
HD104860 45.004501840780335 0.4500436137651178 181.14054525824997 66.33658690477 14.999368151193243 5.571359493047904 3.2335188875392307 110.0 200.0 170.0 50.0
HD207129 15.637216388893677 0.19308230666347903 327.06562984757784 -47.30361608148555 13.072176740787253 4.336929247921184 2.132404497496434 150.0 39.0 118.0 60.7
HD105 38.47633739155578 0.4644721145270836 1.4689365904799998 -41.753068052319996 14.965052671186266 1.4045120486729026 1.4371490689801918 85.0 30.0 14.0 49.0
HD10647 17.344368525486516 0.02219932095015764 25.62214382373 -53.74083095924 23.3699528002305 5.5356339853761645 4.311288057921362 100.0 70.0 56.8 77.2
HD48682 16.716817203302703 0.08425793629874434 101.68473722918002 43.57742456382 14.347516302993514 10.784974061360597 5.3851861191310295 93.9 83.3 158.9 63.3
HD191089 50.94243722631659 0.7906204015633378 302.27173181612 -26.22403337938 16.195224736458027 1.476003337236114 0.8646739182252283 44.8 16.0 73.0 60.0
HD189002 114.28571428571429 21.399498133273525 299.60661237591 -14.01180949773 9.194297195787888 23.546259677763913 5.4898589204872765 592.1 469.4 79.0 14.9
HD181327 51.81347355080535 1.8058304949931099 290.74559884271 -54.538048796839995 89.41659836164936 15.460670187248907 12.385040322869356 81.3 16.0 98.0 29.9
HD139664 17.51620244048414 0.22373048391346018 235.29740336214545 -44.66120602675139 14.526897142787767 5.160878925883846 3.2192755659254617 75.0 60.0 76.0 80.0
HD170773 36.982247268555525 0.5693847213254273 278.25381970894 -39.892020867490004 33.56082603023515 2.394085896210249 1.9785013147702937 194.0 68.0 114.0 33.0
HD15115 48.16955630900113 0.9704919098961327 36.56769077023001 6.29255179257 12.637210518010399 3.172602563022986 2.39245943491663 93.0 21.0 98.5 88.0
HD176894 85.17887729948022 5.237040267184284 285.13307808216 41.68424671337 13.091171176763703 4.485611636018509 2.817277869885797 316.7 124.3 92.1 64.8
HD109085 18.208303593233786 0.22147950543519457 188.01761000770082 -16.196005170938612 83.87729655328864 6.828899728625784 5.899470849281746 153.0 53.0 120.0 39.0
HD141133 106.72358721596001 9.151266403874914 237.12703814972997 -32.08655628264 13.046054351783244 8.545356950529372 5.881194367194883 243.5 142.0 78.4 31.6
HD218396 40.38772175912698 1.0716466159108862 346.86964883731 21.13425299097 34.61701042088468 9.236853894813178 5.883530321594051 290.0 250.0 51.0 39.0
HD95086 86.44237464929898 0.2435354181697562 164.26258988328 -68.66734700448 23.453783558081167 5.697297013809395 4.52987443707794 206.0 180.0 93.0 29.0
HD27290 20.462451848910508 0.15185519294539773 64.00661092702 -51.48664797621 17.88599352409548 6.356915576813053 2.4886757050472976 80.6 71.1 34.2 58.6
HD105211 19.68891478586848 0.19970789529757482 181.72040893237084 -64.61373070048556 14.515464493958413 1.9708861055610043 1.4771870791326827 131.5 23.0 28.2 66.4
HD32297 136.23977918412254 6.617363673020321 75.61431614758 7.46102182035 23.89510483125045 5.063205943865882 3.9313629218715453 122.3 62.0 47.8 87.0
HD195627 27.57099496495727 0.5188908695189554 308.89520861537994 -60.58174912319 18.270744079981192 1.7831143805475749 1.1358734778958122 119.1 106.6 177.6 56.5
HD39060 19.278967044383236 0.19143770865819576 86.82119870875 -51.066511426388885 85.8502525356222 15.482268726180749 11.881108251911577 105.0 92.0 30.0 86.6
HD131835 122.69939224614768 16.189500322040374 224.22694902582998 -35.695460781440005 12.209640971063083 2.8315187247975744 2.5641606672771116 83.7 87.0 59.6 73.7
HD76582 46.12546060533332 0.7129460519297126 134.39666532058 15.581284925840002 12.728349585838636 7.909634391993202 4.448419467806606 219.0 210.0 103.7 72.0
HD21997 68.306009327117 2.4153468058214287 52.97352920947 -25.614150000309998 14.316704903591786 1.1052864288852005 1.1614653234075216 94.0 52.0 27.0 34.0
HD142091 31.12355950066766 0.6023283634516616 237.8080470598467 35.65738158087722 13.458523969336062 4.970730137191784 0.9108009003966651 102.9 66.3 126.2 66.7
HD131488 154.6168625594793 2.534304932114992 223.78345346512 -41.12038927062 24.786786227204495 12.764378979249637 9.893085233061866 92.0 46.0 96.4 84.0
HD9672 59.38242226478393 1.0040531126228984 23.65741115869 -15.676360742500002 20.726285681832014 3.368545866251741 3.2216674983428715 136.0 147.0 107.4 79.1
HD216956 7.687576767555554 0.05475810118649349 344.4126927211701 -29.622237033389442 163.6163839553912 41.96507786133433 15.465125625946957 140.11 16.5 156.61 66.87
HD158352 63.05170376085022 2.8678740223228445 262.20689494262 0.33062490012 17.241682975213703 9.459947463640939 4.605672111213321 270.0 380.0 114.0 81.0
HD109573 72.7802049969481 1.791011362385575 189.00429894232997 -39.86950568483 26.93102520669036 2.1855030933671733 2.1562473689350803 77.8 14.8 26.7 76.5
HD14055 36.06202728120758 1.1265194907555198 34.32861363899208 33.84719681816611 16.200306512010687 1.2498763330877836 1.294585193580163 180.0 160.0 163.3 81.1
HD172167 7.8003121981643035 0.048981741461192385 279.234734787025 38.783688956244 106.11132976090323 6.820877011610785 3.241689403447809 118.0 67.0 nan 40.0
